URl - https://en.wikipedia.org/wiki/Ohio,Numbers are ,Musk - 5 hits,Elon Mask - 0 hits,Total - 5 hits,Tesla - 0 hits,Gigafactory - 0 hits,
URl - https://en.wikipedia.org/wiki/Pretoria#Demographics,Numbers are ,Musk - 2 hits,Elon Mask - 0 hits,Total - 2 hits,Tesla - 0 hits,Gigafactory - 0 hits,
URl - https://en.wikipedia.org/wiki/Pretoria#mw-head,Numbers are ,Musk - 2 hits,Elon Mask - 0 hits,Total - 2 hits,Tesla - 0 hits,Gigafactory - 0 hits,
URl - https://en.wikipedia.org/wiki/White_South_African,Numbers are ,Musk - 1 hits,Elon Mask - 0 hits,Total - 2 hits,Tesla - 1 hits,Gigafactory - 0 hits,
URl - https://en.wikipedia.org/wiki/Fellow_of_the_Royal_Society#cite_ref-47,Numbers are ,Musk - 2 hits,Elon Mask - 0 hits,Total - 2 hits,Tesla - 0 hits,Gigafactory - 0 hits,
URl - https://en.wikipedia.org/wiki/University_of_Michigan,Numbers are ,Musk - 1 hits,Elon Mask - 0 hits,Total - 1 hits,Tesla - 0 hits,Gigafactory - 0 hits,
URl - https://en.wikipedia.org/wiki/Fellow_of_the_Royal_Society#cite_ref-44,Numbers are ,Musk - 2 hits,Elon Mask - 0 hits,Total - 2 hits,Tesla - 0 hits,Gigafactory - 0 hits,
URl - https://en.wikipedia.org/wiki/Pretoria#Transport,Numbers are ,Musk - 2 hits,Elon Mask - 0 hits,Total - 2 hits,Tesla - 0 hits,Gigafactory - 0 hits,
URl - https://en.wikipedia.org/wiki/Springbok_(antelope),Numbers are ,Musk - 8 hits,Elon Mask - 0 hits,Total - 8 hits,Tesla - 0 hits,Gigafactory - 0 hits,
URl - https://en.wikipedia.org/wiki/Fellow_of_the_Royal_Society#cite_ref-frsandrew_35-0,Numbers are ,Musk - 2 hits,Elon Mask - 0 hits,Total - 2 hits,Tesla - 0 hits,Gigafactory - 0 hits,
URl - https://en.wikipedia.org/wiki/Pretoria#The_Sebokeng_Complex,Numbers are ,Musk - 2 hits,Elon Mask - 0 hits,Total - 2 hits,Tesla - 0 hits,Gigafactory - 0 hits,
URl - https://en.wikipedia.org/wiki/Fellow_of_the_Royal_Society#cite_ref-6,Numbers are ,Musk - 2 hits,Elon Mask - 0 hits,Total - 2 hits,Tesla - 0 hits,Gigafactory - 0 hits,
URl - https://en.wikipedia.org/wiki/Elon_Musk,Numbers are ,Musk - 654 hits,Elon Mask - 0 hits,Total - 879 hits,Tesla - 215 hits,Gigafactory - 10 hits,
URl - https://en.wikipedia.org/wiki/Fellow_of_the_Royal_Society#cite_note-occamten-37,Numbers are ,Musk - 2 hits,Elon Mask - 0 hits,Total - 2 hits,Tesla - 0 hits,Gigafactory - 0 hits,
URl - https://en.wikipedia.org/wiki/Fellow_of_the_Royal_Society#cite_ref-9,Numbers are ,Musk - 2 hits,Elon Mask - 0 hits,Total - 2 hits,Tesla - 0 hits,Gigafactory - 0 hits,
URl - https://en.wikipedia.org/wiki/Pretoria#Coat_of_arms,Numbers are ,Musk - 2 hits,Elon Mask - 0 hits,Total - 2 hits,Tesla - 0 hits,Gigafactory - 0 hits,
URl - https://en.wikipedia.org/wiki/Fellow_of_the_Royal_Society#cite_ref-4,Numbers are ,Musk - 2 hits,Elon Mask - 0 hits,Total - 2 hits,Tesla - 0 hits,Gigafactory - 0 hits,
URl - https://en.wikipedia.org/wiki/Fellow_of_the_Royal_Society#cite_ref-5,Numbers are ,Musk - 2 hits,Elon Mask - 0 hits,Total - 2 hits,Tesla - 0 hits,Gigafactory - 0 hits,
URl - https://en.wikipedia.org/wiki/Hank_Williams,Numbers are ,Musk - 1 hits,Elon Mask - 0 hits,Total - 1 hits,Tesla - 0 hits,Gigafactory - 0 hits,
URl - https://en.wikipedia.org/wiki/Isaac_Newton,Numbers are ,Musk - 0 hits,Elon Mask - 0 hits,Total - 2 hits,Tesla - 2 hits,Gigafactory - 0 hits,
URl - https://en.wikipedia.org/wiki/Fellow_of_the_Royal_Society#cite_note-icr-17,Numbers are ,Musk - 2 hits,Elon Mask - 0 hits,Total - 2 hits,Tesla - 0 hits,Gigafactory - 0 hits,
URl - https://en.wikipedia.org/wiki/Pretoria#Thaba_Tshwane,Numbers are ,Musk - 2 hits,Elon Mask - 0 hits,Total - 2 hits,Tesla - 0 hits,Gigafactory - 0 hits,
URl - https://en.wikipedia.org/wiki/Massachusetts,Numbers are ,Musk - 1 hits,Elon Mask - 0 hits,Total - 1 hits,Tesla - 0 hits,Gigafactory - 0 hits,
URl - https://en.wikipedia.org/wiki/Fellow_of_the_Royal_Society#cite_ref-gender_38-0,Numbers are ,Musk - 2 hits,Elon Mask - 0 hits,Total - 2 hits,Tesla - 0 hits,Gigafactory - 0 hits,
URl - https://en.wikipedia.org/wiki/Black_Wildebeest,Numbers are ,Musk - 8 hits,Elon Mask - 0 hits,Total - 8 hits,Tesla - 0 hits,Gigafactory - 0 hits,
URl - https://en.wikipedia.org/wiki/Pretoria#Joint_Support_Base_Wonderboom,Numbers are ,Musk - 2 hits,Elon Mask - 0 hits,Total - 2 hits,Tesla - 0 hits,Gigafactory - 0 hits,
URl - https://en.wikipedia.org/wiki/Mountain_Reedbuck,Numbers are ,Musk - 8 hits,Elon Mask - 0 hits,Total - 8 hits,Tesla - 0 hits,Gigafactory - 0 hits,
URl - https://en.m.wikipedia.org/w/index.php?title=Fellow_of_the_Royal_Society&mobileaction=toggle_view_mobile,Numbers are ,Musk - 2 hits,Elon Mask - 0 hits,Total - 2 hits,Tesla - 0 hits,Gigafactory - 0 hits,
URl - https://en.wikipedia.org/wiki/Pretoria#Places_of_interest,Numbers are ,Musk - 2 hits,Elon Mask - 0 hits,Total - 2 hits,Tesla - 0 hits,Gigafactory - 0 hits,
URl - https://en.wikipedia.org/wiki/Pretoria#External_links,Numbers are ,Musk - 2 hits,Elon Mask - 0 hits,Total - 2 hits,Tesla - 0 hits,Gigafactory - 0 hits,
URl - https://en.wikipedia.org/wiki/Pretoria#Boer_Wars,Numbers are ,Musk - 2 hits,Elon Mask - 0 hits,Total - 2 hits,Tesla - 0 hits,Gigafactory - 0 hits,
URl - https://en.wikipedia.org/wiki/Wikipedia:Lamest_edit_wars,Numbers are ,Musk - 0 hits,Elon Mask - 0 hits,Total - 2 hits,Tesla - 2 hits,Gigafactory - 0 hits,
URl - https://es.wikipedia.org/wiki/Royal_Society,Numbers are ,Musk - 1 hits,Elon Mask - 0 hits,Total - 1 hits,Tesla - 0 hits,Gigafactory - 0 hits,
URl - https://en.wikipedia.org/wiki/Pretoria#cite_note-saws-climstats-15,Numbers are ,Musk - 2 hits,Elon Mask - 0 hits,Total - 2 hits,Tesla - 0 hits,Gigafactory - 0 hits,
URl - https://en.wikipedia.org/wiki/Fellow_of_the_Royal_Society#cite_ref-jarsbm_29-0,Numbers are ,Musk - 2 hits,Elon Mask - 0 hits,Total - 2 hits,Tesla - 0 hits,Gigafactory - 0 hits,
URl - https://eu.wikipedia.org/wiki/Royal_Society,Numbers are ,Musk - 1 hits,Elon Mask - 0 hits,Total - 1 hits,Tesla - 0 hits,Gigafactory - 0 hits,
URl - https://en.wikipedia.org/wiki/Fellow_of_the_Royal_Society#cite_ref-dorothyfrs_8-0,Numbers are ,Musk - 2 hits,Elon Mask - 0 hits,Total - 2 hits,Tesla - 0 hits,Gigafactory - 0 hits,
URl - https://en.wikipedia.org/wiki/Fellow_of_the_Royal_Society#cite_ref-frsedwards_33-0,Numbers are ,Musk - 2 hits,Elon Mask - 0 hits,Total - 2 hits,Tesla - 0 hits,Gigafactory - 0 hits,
URl - https://en.wikipedia.org/wiki/Georgian_National_Academy_of_Sciences,Numbers are ,Musk - 3 hits,Elon Mask - 0 hits,Total - 3 hits,Tesla - 0 hits,Gigafactory - 0 hits,
URl - https://en.wikipedia.org/wiki/Mind_Sports_South_Africa,Numbers are ,Musk - 1 hits,Elon Mask - 0 hits,Total - 1 hits,Tesla - 0 hits,Gigafactory - 0 hits,
URl - https://en.wikipedia.org/wiki/Pretoria_Boys_High_School,Numbers are ,Musk - 3 hits,Elon Mask - 0 hits,Total - 4 hits,Tesla - 1 hits,Gigafactory - 0 hits,
URl - https://en.wikipedia.org/wiki/Fellow_of_the_Royal_Society#cite_note-frscharles-31,Numbers are ,Musk - 2 hits,Elon Mask - 0 hits,Total - 2 hits,Tesla - 0 hits,Gigafactory - 0 hits,
URl - https://en.wikipedia.org/wiki/E._T._Whittaker,Numbers are ,Musk - 0 hits,Elon Mask - 0 hits,Total - 1 hits,Tesla - 1 hits,Gigafactory - 0 hits,
URl - https://en.wikipedia.org/wiki/Pretoria#Airports,Numbers are ,Musk - 2 hits,Elon Mask - 0 hits,Total - 2 hits,Tesla - 0 hits,Gigafactory - 0 hits,
URl - https://en.wikipedia.org/wiki/Fellow_of_the_Royal_Society#Election_of_new_fellows,Numbers are ,Musk - 2 hits,Elon Mask - 0 hits,Total - 2 hits,Tesla - 0 hits,Gigafactory - 0 hits,
URl - https://en.wikipedia.org/wiki/Fellow_of_the_Royal_Society#cite_ref-alive_3-1,Numbers are ,Musk - 2 hits,Elon Mask - 0 hits,Total - 2 hits,Tesla - 0 hits,Gigafactory - 0 hits,
URl - https://en.wikipedia.org/wiki/Fellow_of_the_Royal_Society#cite_ref-newtonfund_51-0,Numbers are ,Musk - 2 hits,Elon Mask - 0 hits,Total - 2 hits,Tesla - 0 hits,Gigafactory - 0 hits,
URl - https://en.wikipedia.org/wiki/Pretoria#References,Numbers are ,Musk - 2 hits,Elon Mask - 0 hits,Total - 2 hits,Tesla - 0 hits,Gigafactory - 0 hits,
URl - https://en.wikipedia.org/wiki/Fellow_of_the_Royal_Society#cite_ref-alive_3-0,Numbers are ,Musk - 2 hits,Elon Mask - 0 hits,Total - 2 hits,Tesla - 0 hits,Gigafactory - 0 hits,
URl - https://en.wikipedia.org/wiki/SABC,Numbers are ,Musk - 0 hits,Elon Mask - 0 hits,Total - 1 hits,Tesla - 1 hits,Gigafactory - 0 hits,
URl - https://en.wikipedia.org/wiki/Oil_sands,Numbers are ,Musk - 4 hits,Elon Mask - 0 hits,Total - 4 hits,Tesla - 0 hits,Gigafactory - 0 hits,
URl - https://en.wikipedia.org/wiki/Wikipedia:Long-term_abuse,Numbers are ,Musk - 0 hits,Elon Mask - 0 hits,Total - 1 hits,Tesla - 1 hits,Gigafactory - 0 hits,
URl - https://en.wikipedia.org/wiki/Elon_Musk#searchInput,Numbers are ,Musk - 654 hits,Elon Mask - 0 hits,Total - 879 hits,Tesla - 215 hits,Gigafactory - 10 hits,
URl - https://en.wikipedia.org/wiki/Pretoria#Jewish_community,Numbers are ,Musk - 2 hits,Elon Mask - 0 hits,Total - 2 hits,Tesla - 0 hits,Gigafactory - 0 hits,
URl - https://en.wikipedia.org/wiki/Fellow_of_the_Royal_Society#cite_note-cam-22,Numbers are ,Musk - 2 hits,Elon Mask - 0 hits,Total - 2 hits,Tesla - 0 hits,Gigafactory - 0 hits,
URl - https://en.wikipedia.org/w/index.php?title=Fellow_of_the_Royal_Society&oldid=960874198,Numbers are ,Musk - 2 hits,Elon Mask - 0 hits,Total - 2 hits,Tesla - 0 hits,Gigafactory - 0 hits,
URl - https://en.wikipedia.org/wiki/Statistical_area_(United_States),Numbers are ,Musk - 4 hits,Elon Mask - 0 hits,Total - 4 hits,Tesla - 0 hits,Gigafactory - 0 hits,
URl - https://en.wikipedia.org/wiki/Pretoria#Change_of_name,Numbers are ,Musk - 2 hits,Elon Mask - 0 hits,Total - 2 hits,Tesla - 0 hits,Gigafactory - 0 hits,
URl - https://en.wikipedia.org/wiki/Tim_Berners-Lee,Numbers are ,Musk - 0 hits,Elon Mask - 0 hits,Total - 1 hits,Tesla - 1 hits,Gigafactory - 0 hits,
URl - https://en.wikipedia.org/wiki/Fellow_of_the_Royal_Society#cite_ref-dorothy_53-0,Numbers are ,Musk - 2 hits,Elon Mask - 0 hits,Total - 2 hits,Tesla - 0 hits,Gigafactory - 0 hits,
URl - https://stats.wikimedia.org/EN/TablesWikipediaEN.htm#anonymous,Numbers are ,Musk - 1 hits,Elon Mask - 0 hits,Total - 3 hits,Tesla - 2 hits,Gigafactory - 0 hits,
URl - https://en.wikipedia.org/wiki/Toronto,Numbers are ,Musk - 1 hits,Elon Mask - 0 hits,Total - 1 hits,Tesla - 0 hits,Gigafactory - 0 hits,
URl - https://en.wikipedia.org/wiki/Pretoria#Cityscape,Numbers are ,Musk - 2 hits,Elon Mask - 0 hits,Total - 2 hits,Tesla - 0 hits,Gigafactory - 0 hits,
URl - https://en.wikipedia.org/wiki/List_of_National_Wildlife_Refuges,Numbers are ,Musk - 4 hits,Elon Mask - 0 hits,Total - 4 hits,Tesla - 0 hits,Gigafactory - 0 hits,
URl - https://en.wikipedia.org/wiki/William_Crookes,Numbers are ,Musk - 0 hits,Elon Mask - 0 hits,Total - 1 hits,Tesla - 1 hits,Gigafactory - 0 hits,
URl - https://en.wikipedia.org/wiki/Pretoria#Railway,Numbers are ,Musk - 2 hits,Elon Mask - 0 hits,Total - 2 hits,Tesla - 0 hits,Gigafactory - 0 hits,
URl - https://en.wikipedia.org/wiki/Fellow_of_the_Royal_Society#cite_note-amazin-46,Numbers are ,Musk - 2 hits,Elon Mask - 0 hits,Total - 2 hits,Tesla - 0 hits,Gigafactory - 0 hits,
URl - https://en.wikipedia.org/wiki/Shoshone_National_Forest,Numbers are ,Musk - 1 hits,Elon Mask - 0 hits,Total - 1 hits,Tesla - 0 hits,Gigafactory - 0 hits,
URl - https://en.wikipedia.org/wiki/Fellow_of_the_Royal_Society#cite_note-newtonfund-51,Numbers are ,Musk - 2 hits,Elon Mask - 0 hits,Total - 2 hits,Tesla - 0 hits,Gigafactory - 0 hits,
URl - https://en.wikipedia.org/wiki/Fellow_of_the_Royal_Society#cite_note-oscar-16,Numbers are ,Musk - 2 hits,Elon Mask - 0 hits,Total - 2 hits,Tesla - 0 hits,Gigafactory - 0 hits,
URl - https://en.wikipedia.org/wiki/TBC_(disambiguation),Numbers are ,Musk - 1 hits,Elon Mask - 0 hits,Total - 1 hits,Tesla - 0 hits,Gigafactory - 0 hits,
URl - https://en.wikipedia.org/wiki/Grizzly_bear,Numbers are ,Musk - 4 hits,Elon Mask - 0 hits,Total - 4 hits,Tesla - 0 hits,Gigafactory - 0 hits,
URl - https://en.wikipedia.org/wiki/Fellow_of_the_Royal_Society#cite_ref-urf_48-0,Numbers are ,Musk - 2 hits,Elon Mask - 0 hits,Total - 2 hits,Tesla - 0 hits,Gigafactory - 0 hits,
URl - https://en.wikipedia.org/wiki/Pretoria#See_also,Numbers are ,Musk - 2 hits,Elon Mask - 0 hits,Total - 2 hits,Tesla - 0 hits,Gigafactory - 0 hits,
URl - https://en.wikipedia.org/wiki/Fellow_of_the_Royal_Society#cite_note-dorothy-53,Numbers are ,Musk - 2 hits,Elon Mask - 0 hits,Total - 2 hits,Tesla - 0 hits,Gigafactory - 0 hits,
URl - https://en.wikipedia.org/wiki/Fellow_of_the_Royal_Society#cite_note-aberdeen-21,Numbers are ,Musk - 2 hits,Elon Mask - 0 hits,Total - 2 hits,Tesla - 0 hits,Gigafactory - 0 hits,
URl - https://en.wikipedia.org/wiki/Fellow_of_the_Royal_Society#cite_note-industry-52,Numbers are ,Musk - 2 hits,Elon Mask - 0 hits,Total - 2 hits,Tesla - 0 hits,Gigafactory - 0 hits,
URl - https://en.wikipedia.org/wiki/Pretoria,_Gauteng,Numbers are ,Musk - 2 hits,Elon Mask - 0 hits,Total - 2 hits,Tesla - 0 hits,Gigafactory - 0 hits,
URl - https://en.wikipedia.org/wiki/Pretoria#Commerce,Numbers are ,Musk - 2 hits,Elon Mask - 0 hits,Total - 2 hits,Tesla - 0 hits,Gigafactory - 0 hits,
URl - https://en.wikipedia.org/wiki/Pretoria#cite_note-10,Numbers are ,Musk - 2 hits,Elon Mask - 0 hits,Total - 2 hits,Tesla - 0 hits,Gigafactory - 0 hits,
URl - https://en.wikipedia.org/wiki/Special:Contributions/Mdaniels5757,Numbers are ,Musk - 0 hits,Elon Mask - 0 hits,Total - 1 hits,Tesla - 1 hits,Gigafactory - 0 hits,
URl - https://en.wikipedia.org/wiki/Pretoria#cite_note-11,Numbers are ,Musk - 2 hits,Elon Mask - 0 hits,Total - 2 hits,Tesla - 0 hits,Gigafactory - 0 hits,
URl - https://uk.wikipedia.org/wiki/%D0%A7%D0%BB%D0%B5%D0%BD_%D0%9B%D0%BE%D0%BD%D0%B4%D0%BE%D0%BD%D1%81%D1%8C%D0%BA%D0%BE%D0%B3%D0%BE_%D0%9A%D0%BE%D1%80%D0%BE%D0%BB%D1%96%D0%B2%D1%81%D1%8C%D0%BA%D0%BE%D0%B3%D0%BE_%D0%A2%D0%BE%D0%B2%D0%B0%D1%80%D0%B8%D1%81%D1%82%D0%B2%D0%B0,Numbers are ,Musk - 1 hits,Elon Mask - 0 hits,Total - 1 hits,Tesla - 0 hits,Gigafactory - 0 hits,
URl - https://en.wikipedia.org/wiki/Fellow_of_the_Royal_Society#cite_ref-hawkingfrs_24-0,Numbers are ,Musk - 2 hits,Elon Mask - 0 hits,Total - 2 hits,Tesla - 0 hits,Gigafactory - 0 hits,
URl - https://en.wikipedia.org/wiki/Fellow_of_the_Royal_Society#cite_ref-frswilliam_34-0,Numbers are ,Musk - 2 hits,Elon Mask - 0 hits,Total - 2 hits,Tesla - 0 hits,Gigafactory - 0 hits,
URl - https://en.wikipedia.org/wiki/Fellow_of_the_Royal_Society#cite_ref-frsphillip_36-0,Numbers are ,Musk - 2 hits,Elon Mask - 0 hits,Total - 2 hits,Tesla - 0 hits,Gigafactory - 0 hits,
URl - https://simple.wikipedia.org/wiki/Fellows_of_the_Royal_Society,Numbers are ,Musk - 1 hits,Elon Mask - 0 hits,Total - 1 hits,Tesla - 0 hits,Gigafactory - 0 hits,
URl - https://en.wikipedia.org/wiki/Pretoria#cite_note-12,Numbers are ,Musk - 2 hits,Elon Mask - 0 hits,Total - 2 hits,Tesla - 0 hits,Gigafactory - 0 hits,
URl - https://en.wikipedia.org/wiki/Wikipedia:WikiProject_Ecology,Numbers are ,Musk - 1 hits,Elon Mask - 0 hits,Total - 1 hits,Tesla - 0 hits,Gigafactory - 0 hits,
URl - https://en.wikipedia.org/wiki/Pretoria#Military_bases,Numbers are ,Musk - 2 hits,Elon Mask - 0 hits,Total - 2 hits,Tesla - 0 hits,Gigafactory - 0 hits,
URl - https://en.wikipedia.org/wiki/Fellow_of_the_Royal_Society#cite_note-leverhulme-50,Numbers are ,Musk - 2 hits,Elon Mask - 0 hits,Total - 2 hits,Tesla - 0 hits,Gigafactory - 0 hits,
URl - https://www.heavens-above.com/?Loc=Newark&Lat=-25.746111&Lng=28.188056&Alt=14,Numbers are ,Musk - 0 hits,Elon Mask - 0 hits,Total - 1 hits,Tesla - 1 hits,Gigafactory - 0 hits,
URl - https://en.wikipedia.org/wiki/Pretoria#Suburbs,Numbers are ,Musk - 2 hits,Elon Mask - 0 hits,Total - 2 hits,Tesla - 0 hits,Gigafactory - 0 hits,
URl - https://en.wikipedia.org/wiki/Pretoria#cite_note-18,Numbers are ,Musk - 2 hits,Elon Mask - 0 hits,Total - 2 hits,Tesla - 0 hits,Gigafactory - 0 hits,
URl - https://en.wikipedia.org/wiki/Sir_George_Stokes,_1st_Baronet,Numbers are ,Musk - 0 hits,Elon Mask - 0 hits,Total - 2 hits,Tesla - 2 hits,Gigafactory - 0 hits,
URl - https://commons.wikimedia.org/wiki/Category:Images_released_by_the_Royal_Society,Numbers are ,Musk - 3 hits,Elon Mask - 0 hits,Total - 3 hits,Tesla - 0 hits,Gigafactory - 0 hits,
URl - https://en.wikipedia.org/wiki/Pretoria#cite_note-19,Numbers are ,Musk - 2 hits,Elon Mask - 0 hits,Total - 2 hits,Tesla - 0 hits,Gigafactory - 0 hits,
URl - https://en.wikipedia.org/wiki/Pretoria#cite_note-16,Numbers are ,Musk - 2 hits,Elon Mask - 0 hits,Total - 2 hits,Tesla - 0 hits,Gigafactory - 0 hits,
URl - https://en.wikipedia.org/wiki/List_of_University_of_Pretoria_alumni,Numbers are ,Musk - 1 hits,Elon Mask - 0 hits,Total - 2 hits,Tesla - 1 hits,Gigafactory - 0 hits,
URl - https://en.wikipedia.org/wiki/Pretoria#cite_note-17,Numbers are ,Musk - 2 hits,Elon Mask - 0 hits,Total - 2 hits,Tesla - 0 hits,Gigafactory - 0 hits,
URl - https://en.wikipedia.org/wiki/Pretoria#Music,Numbers are ,Musk - 2 hits,Elon Mask - 0 hits,Total - 2 hits,Tesla - 0 hits,Gigafactory - 0 hits,
URl - https://en.wikipedia.org/w/index.php?title=Patrick_Bamford&action=edit,Numbers are ,Musk - 1 hits,Elon Mask - 0 hits,Total - 1 hits,Tesla - 0 hits,Gigafactory - 0 hits,
URl - https://en.wikipedia.org/wiki/Fellow_of_the_Royal_Society#cite_note-frswilliam-34,Numbers are ,Musk - 2 hits,Elon Mask - 0 hits,Total - 2 hits,Tesla - 0 hits,Gigafactory - 0 hits,
URl - https://en.wikipedia.org/wiki/Pretoria#Sport,Numbers are ,Musk - 2 hits,Elon Mask - 0 hits,Total - 2 hits,Tesla - 0 hits,Gigafactory - 0 hits,
URl - https://en.wikipedia.org/wiki/Category:Pages_with_citations_lacking_titles,Numbers are ,Musk - 1 hits,Elon Mask - 0 hits,Total - 1 hits,Tesla - 0 hits,Gigafactory - 0 hits,
URl - https://en.wikipedia.org/wiki/Pretoria#Places_of_worship,Numbers are ,Musk - 2 hits,Elon Mask - 0 hits,Total - 2 hits,Tesla - 0 hits,Gigafactory - 0 hits,
URl - https://en.wikipedia.org/wiki/Google,Numbers are ,Musk - 0 hits,Elon Mask - 0 hits,Total - 1 hits,Tesla - 1 hits,Gigafactory - 0 hits,
URl - https://en.wikipedia.org/wiki/Fellow_of_the_Royal_Society#cite_note-geimfrs-41,Numbers are ,Musk - 2 hits,Elon Mask - 0 hits,Total - 2 hits,Tesla - 0 hits,Gigafactory - 0 hits,
URl - https://en.wikipedia.org/wiki/Pretoria#International_schools,Numbers are ,Musk - 2 hits,Elon Mask - 0 hits,Total - 2 hits,Tesla - 0 hits,Gigafactory - 0 hits,
URl - https://en.wikipedia.org/wiki/Fellow_of_the_Royal_Society#cite_note-urf-48,Numbers are ,Musk - 2 hits,Elon Mask - 0 hits,Total - 2 hits,Tesla - 0 hits,Gigafactory - 0 hits,
URl - https://en.wikipedia.org/wiki/New_Zealand,Numbers are ,Musk - 2 hits,Elon Mask - 0 hits,Total - 2 hits,Tesla - 0 hits,Gigafactory - 0 hits,
URl - https://en.wikipedia.org/wiki/Pretoria#Road,Numbers are ,Musk - 2 hits,Elon Mask - 0 hits,Total - 2 hits,Tesla - 0 hits,Gigafactory - 0 hits,
URl - https://en.wikipedia.org/wiki/Wikipedia:Administrators%27_noticeboard/Requests_for_closure,Numbers are ,Musk - 0 hits,Elon Mask - 0 hits,Total - 2 hits,Tesla - 2 hits,Gigafactory - 0 hits,
URl - https://en.wikipedia.org/wiki/Pretoria#cite_note-21,Numbers are ,Musk - 2 hits,Elon Mask - 0 hits,Total - 2 hits,Tesla - 0 hits,Gigafactory - 0 hits,
URl - https://en.wikipedia.org/wiki/User_talk:David_Tornheim,Numbers are ,Musk - 1 hits,Elon Mask - 0 hits,Total - 1 hits,Tesla - 0 hits,Gigafactory - 0 hits,
URl - https://en.wikipedia.org/wiki/Pretoria#cite_note-22,Numbers are ,Musk - 2 hits,Elon Mask - 0 hits,Total - 2 hits,Tesla - 0 hits,Gigafactory - 0 hits,
URl - https://en.wikipedia.org/wiki/Fellow_of_the_Royal_Society#searchInput,Numbers are ,Musk - 2 hits,Elon Mask - 0 hits,Total - 2 hits,Tesla - 0 hits,Gigafactory - 0 hits,
URl - https://en.wikipedia.org/wiki/Pretoria#cite_note-20,Numbers are ,Musk - 2 hits,Elon Mask - 0 hits,Total - 2 hits,Tesla - 0 hits,Gigafactory - 0 hits,
URl - https://en.wikipedia.org/wiki/Pretoria#Education,Numbers are ,Musk - 2 hits,Elon Mask - 0 hits,Total - 2 hits,Tesla - 0 hits,Gigafactory - 0 hits,
URl - https://en.wikipedia.org/wiki/Pretoria#cite_note-25,Numbers are ,Musk - 2 hits,Elon Mask - 0 hits,Total - 2 hits,Tesla - 0 hits,Gigafactory - 0 hits,
URl - https://en.wikipedia.org/wiki/Fellow_of_the_Royal_Society#cite_note-sectional-42,Numbers are ,Musk - 2 hits,Elon Mask - 0 hits,Total - 2 hits,Tesla - 0 hits,Gigafactory - 0 hits,
URl - https://en.wikipedia.org/wiki/Pretoria#cite_note-26,Numbers are ,Musk - 2 hits,Elon Mask - 0 hits,Total - 2 hits,Tesla - 0 hits,Gigafactory - 0 hits,
URl - https://en.wikipedia.org/wiki/Pretoria#cite_note-23,Numbers are ,Musk - 2 hits,Elon Mask - 0 hits,Total - 2 hits,Tesla - 0 hits,Gigafactory - 0 hits,
URl - https://en.wikipedia.org/wiki/Pretoria,Numbers are ,Musk - 2 hits,Elon Mask - 0 hits,Total - 2 hits,Tesla - 0 hits,Gigafactory - 0 hits,
URl - https://en.wikipedia.org/wiki/Pretoria#cite_note-24,Numbers are ,Musk - 2 hits,Elon Mask - 0 hits,Total - 2 hits,Tesla - 0 hits,Gigafactory - 0 hits,
URl - https://en.wikipedia.org/wiki/Fellow_of_the_Royal_Society#cite_note-frsedwards-33,Numbers are ,Musk - 2 hits,Elon Mask - 0 hits,Total - 2 hits,Tesla - 0 hits,Gigafactory - 0 hits,
URl - https://en.wikipedia.org/wiki/Irish_language,Numbers are ,Musk - 1 hits,Elon Mask - 0 hits,Total - 1 hits,Tesla - 0 hits,Gigafactory - 0 hits,
URl - https://en.wikipedia.org/wiki/Pretoria#cite_note-29,Numbers are ,Musk - 2 hits,Elon Mask - 0 hits,Total - 2 hits,Tesla - 0 hits,Gigafactory - 0 hits,
URl - https://en.wikipedia.org/wiki/Pretoria#cite_note-27,Numbers are ,Musk - 2 hits,Elon Mask - 0 hits,Total - 2 hits,Tesla - 0 hits,Gigafactory - 0 hits,
URl - https://en.wikipedia.org/wiki/Royal_Aeronautical_Society,Numbers are ,Musk - 1 hits,Elon Mask - 0 hits,Total - 1 hits,Tesla - 0 hits,Gigafactory - 0 hits,
URl - https://en.wikipedia.org/wiki/Fellow_of_the_Royal_Society#cite_ref-notenoughwomen_40-0,Numbers are ,Musk - 2 hits,Elon Mask - 0 hits,Total - 2 hits,Tesla - 0 hits,Gigafactory - 0 hits,
URl - https://en.wikipedia.org/wiki/Pretoria#cite_note-28,Numbers are ,Musk - 2 hits,Elon Mask - 0 hits,Total - 2 hits,Tesla - 0 hits,Gigafactory - 0 hits,
URl - https://en.wikipedia.org/wiki/M4_corridor,Numbers are ,Musk - 0 hits,Elon Mask - 0 hits,Total - 3 hits,Tesla - 3 hits,Gigafactory - 0 hits,
URl - https://en.wikipedia.org/wiki/Michael_Faraday,Numbers are ,Musk - 0 hits,Elon Mask - 0 hits,Total - 2 hits,Tesla - 2 hits,Gigafactory - 0 hits,
URl - https://en.wikipedia.org/wiki/Fellow_of_the_Royal_Society#cite_note-dorothyfrs-8,Numbers are ,Musk - 2 hits,Elon Mask - 0 hits,Total - 2 hits,Tesla - 0 hits,Gigafactory - 0 hits,
URl - https://en.wikipedia.org/wiki/Pretoria#cite_note-gautengcc.co.za-33,Numbers are ,Musk - 2 hits,Elon Mask - 0 hits,Total - 2 hits,Tesla - 0 hits,Gigafactory - 0 hits,
URl - https://en.wikipedia.org/wiki/Banff_National_Park,Numbers are ,Musk - 2 hits,Elon Mask - 0 hits,Total - 2 hits,Tesla - 0 hits,Gigafactory - 0 hits,
URl - https://en.wikipedia.org/wiki/Fellow_of_the_Royal_Society#cite_ref-allfrs_2-0,Numbers are ,Musk - 2 hits,Elon Mask - 0 hits,Total - 2 hits,Tesla - 0 hits,Gigafactory - 0 hits,
URl - https://en.wikipedia.org/wiki/Fellow_of_the_Royal_Society#cite_ref-allfrs_2-1,Numbers are ,Musk - 2 hits,Elon Mask - 0 hits,Total - 2 hits,Tesla - 0 hits,Gigafactory - 0 hits,
URl - https://en.wikipedia.org/wiki/Fellow_of_the_Royal_Society#cite_ref-allfrs_2-2,Numbers are ,Musk - 2 hits,Elon Mask - 0 hits,Total - 2 hits,Tesla - 0 hits,Gigafactory - 0 hits,
URl - https://en.wikipedia.org/wiki/Fellow_of_the_Royal_Society#cite_ref-allfrs_2-3,Numbers are ,Musk - 2 hits,Elon Mask - 0 hits,Total - 2 hits,Tesla - 0 hits,Gigafactory - 0 hits,
URl - https://en.wikipedia.org/wiki/Fellow_of_the_Royal_Society#cite_ref-allfrs_2-4,Numbers are ,Musk - 2 hits,Elon Mask - 0 hits,Total - 2 hits,Tesla - 0 hits,Gigafactory - 0 hits,
URl - https://en.wikipedia.org/wiki/Pretoria#cite_note-32,Numbers are ,Musk - 2 hits,Elon Mask - 0 hits,Total - 2 hits,Tesla - 0 hits,Gigafactory - 0 hits,
URl - https://en.wikipedia.org/wiki/Pretoria#cite_note-30,Numbers are ,Musk - 2 hits,Elon Mask - 0 hits,Total - 2 hits,Tesla - 0 hits,Gigafactory - 0 hits,
URl - https://en.wikipedia.org/wiki/Special:Contributions/Qyd,Numbers are ,Musk - 2 hits,Elon Mask - 0 hits,Total - 2 hits,Tesla - 0 hits,Gigafactory - 0 hits,
URl - https://en.wikipedia.org/wiki/Wikipedia:Requests_for_comment/All,Numbers are ,Musk - 5 hits,Elon Mask - 0 hits,Total - 5 hits,Tesla - 0 hits,Gigafactory - 0 hits,
URl - https://en.wikipedia.org/wiki/Pretoria#cite_note-31,Numbers are ,Musk - 2 hits,Elon Mask - 0 hits,Total - 2 hits,Tesla - 0 hits,Gigafactory - 0 hits,
URl - https://en.wikipedia.org/wiki/Pretoria#cite_note-36,Numbers are ,Musk - 2 hits,Elon Mask - 0 hits,Total - 2 hits,Tesla - 0 hits,Gigafactory - 0 hits,
URl - https://en.wikipedia.org/wiki/User_talk:Bruin2,Numbers are ,Musk - 2 hits,Elon Mask - 0 hits,Total - 2 hits,Tesla - 0 hits,Gigafactory - 0 hits,
URl - https://en.wikipedia.org/wiki/Pretoria#Media,Numbers are ,Musk - 2 hits,Elon Mask - 0 hits,Total - 2 hits,Tesla - 0 hits,Gigafactory - 0 hits,
URl - https://en.wikipedia.org/wiki/Pretoria#cite_note-37,Numbers are ,Musk - 2 hits,Elon Mask - 0 hits,Total - 2 hits,Tesla - 0 hits,Gigafactory - 0 hits,
URl - https://en.wikipedia.org/wiki/Pretoria#Paper,Numbers are ,Musk - 2 hits,Elon Mask - 0 hits,Total - 2 hits,Tesla - 0 hits,Gigafactory - 0 hits,
URl - https://en.wikipedia.org/wiki/Pretoria#cite_note-34,Numbers are ,Musk - 2 hits,Elon Mask - 0 hits,Total - 2 hits,Tesla - 0 hits,Gigafactory - 0 hits,
URl - https://en.wikipedia.org/wiki/Fellow_of_the_Royal_Society#cite_ref-maddox_28-0,Numbers are ,Musk - 2 hits,Elon Mask - 0 hits,Total - 2 hits,Tesla - 0 hits,Gigafactory - 0 hits,
URl - https://en.wikipedia.org/wiki/Pretoria#cite_note-35,Numbers are ,Musk - 2 hits,Elon Mask - 0 hits,Total - 2 hits,Tesla - 0 hits,Gigafactory - 0 hits,
URl - https://en.wikipedia.org/wiki/Fellow_of_the_Royal_Society#Fellowships,Numbers are ,Musk - 2 hits,Elon Mask - 0 hits,Total - 2 hits,Tesla - 0 hits,Gigafactory - 0 hits,
URl - https://en.wikipedia.org/wiki/Pretoria#Museums,Numbers are ,Musk - 2 hits,Elon Mask - 0 hits,Total - 2 hits,Tesla - 0 hits,Gigafactory - 0 hits,
URl - https://en.wikipedia.org/wiki/Pretoria#Military,Numbers are ,Musk - 2 hits,Elon Mask - 0 hits,Total - 2 hits,Tesla - 0 hits,Gigafactory - 0 hits,
URl - https://en.wikipedia.org/wiki/Fellow_of_the_Royal_Society#cite_note-manchester-19,Numbers are ,Musk - 2 hits,Elon Mask - 0 hits,Total - 2 hits,Tesla - 0 hits,Gigafactory - 0 hits,
URl - https://en.wikipedia.org/wiki/Fellow_of_the_Royal_Society#cite_note-23,Numbers are ,Musk - 2 hits,Elon Mask - 0 hits,Total - 2 hits,Tesla - 0 hits,Gigafactory - 0 hits,
URl - https://en.wikipedia.org/wiki/Pretoria#cite_note-38,Numbers are ,Musk - 2 hits,Elon Mask - 0 hits,Total - 2 hits,Tesla - 0 hits,Gigafactory - 0 hits,
URl - https://en.wikipedia.org/wiki/Pretoria#cite_note-39,Numbers are ,Musk - 2 hits,Elon Mask - 0 hits,Total - 2 hits,Tesla - 0 hits,Gigafactory - 0 hits,
URl - https://en.wikipedia.org/wiki/Fellow_of_the_Royal_Society#cite_note-jarsbm-29,Numbers are ,Musk - 2 hits,Elon Mask - 0 hits,Total - 2 hits,Tesla - 0 hits,Gigafactory - 0 hits,
URl - https://en.wikipedia.org/wiki/Fellow_of_the_Royal_Society#cite_ref-elections_1-5,Numbers are ,Musk - 2 hits,Elon Mask - 0 hits,Total - 2 hits,Tesla - 0 hits,Gigafactory - 0 hits,
URl - https://en.wikipedia.org/wiki/User:Bruin2,Numbers are ,Musk - 2 hits,Elon Mask - 0 hits,Total - 2 hits,Tesla - 0 hits,Gigafactory - 0 hits,
URl - https://en.wikipedia.org/wiki/Fellow_of_the_Royal_Society#cite_ref-elections_1-6,Numbers are ,Musk - 2 hits,Elon Mask - 0 hits,Total - 2 hits,Tesla - 0 hits,Gigafactory - 0 hits,
URl - https://en.wikipedia.org/wiki/Fellow_of_the_Royal_Society#cite_ref-elections_1-3,Numbers are ,Musk - 2 hits,Elon Mask - 0 hits,Total - 2 hits,Tesla - 0 hits,Gigafactory - 0 hits,
URl - https://en.wikipedia.org/wiki/Fellow_of_the_Royal_Society#cite_ref-elections_1-4,Numbers are ,Musk - 2 hits,Elon Mask - 0 hits,Total - 2 hits,Tesla - 0 hits,Gigafactory - 0 hits,
URl - https://en.wikipedia.org/wiki/Fellow_of_the_Royal_Society#cite_note-27,Numbers are ,Musk - 2 hits,Elon Mask - 0 hits,Total - 2 hits,Tesla - 0 hits,Gigafactory - 0 hits,
URl - https://en.wikipedia.org/wiki/Montreal,Numbers are ,Musk - 1 hits,Elon Mask - 0 hits,Total - 1 hits,Tesla - 0 hits,Gigafactory - 0 hits,
URl - https://en.wikipedia.org/wiki/Fellow_of_the_Royal_Society#cite_note-gender-38,Numbers are ,Musk - 2 hits,Elon Mask - 0 hits,Total - 2 hits,Tesla - 0 hits,Gigafactory - 0 hits,
URl - https://en.wikipedia.org/wiki/Fellow_of_the_Royal_Society#cite_ref-wikimediablog_45-0,Numbers are ,Musk - 2 hits,Elon Mask - 0 hits,Total - 2 hits,Tesla - 0 hits,Gigafactory - 0 hits,
URl - https://en.wikipedia.org/wiki/Pretoria#Tertiary_education,Numbers are ,Musk - 2 hits,Elon Mask - 0 hits,Total - 2 hits,Tesla - 0 hits,Gigafactory - 0 hits,
URl - https://en.wikipedia.org/wiki/Fellow_of_the_Royal_Society#cite_ref-elections_1-1,Numbers are ,Musk - 2 hits,Elon Mask - 0 hits,Total - 2 hits,Tesla - 0 hits,Gigafactory - 0 hits,
URl - https://en.wikipedia.org/wiki/Fellow_of_the_Royal_Society#cite_ref-elections_1-2,Numbers are ,Musk - 2 hits,Elon Mask - 0 hits,Total - 2 hits,Tesla - 0 hits,Gigafactory - 0 hits,
URl - https://en.wikipedia.org/wiki/Pretoria#Nature_reserves,Numbers are ,Musk - 2 hits,Elon Mask - 0 hits,Total - 2 hits,Tesla - 0 hits,Gigafactory - 0 hits,
URl - https://en.wikipedia.org/wiki/Pretoria#cite_note-40,Numbers are ,Musk - 2 hits,Elon Mask - 0 hits,Total - 2 hits,Tesla - 0 hits,Gigafactory - 0 hits,
URl - https://en.wikipedia.org/wiki/Patrick_Bamford,Numbers are ,Musk - 1 hits,Elon Mask - 0 hits,Total - 1 hits,Tesla - 0 hits,Gigafactory - 0 hits,
URl - https://en.wikipedia.org/wiki/Fellow_of_the_Royal_Society#cite_note-notenoughwomen-40,Numbers are ,Musk - 2 hits,Elon Mask - 0 hits,Total - 2 hits,Tesla - 0 hits,Gigafactory - 0 hits,
URl - https://en.wikipedia.org/wiki/Fellow_of_the_Royal_Society#cite_ref-elections_1-0,Numbers are ,Musk - 2 hits,Elon Mask - 0 hits,Total - 2 hits,Tesla - 0 hits,Gigafactory - 0 hits,
URl - https://en.wikipedia.org/wiki/Pretoria#Central_business_district,Numbers are ,Musk - 2 hits,Elon Mask - 0 hits,Total - 2 hits,Tesla - 0 hits,Gigafactory - 0 hits,
URl - https://en.wikipedia.org/wiki/Pretoria#cite_note-43,Numbers are ,Musk - 2 hits,Elon Mask - 0 hits,Total - 2 hits,Tesla - 0 hits,Gigafactory - 0 hits,
URl - https://en.wikipedia.org/wiki/France,Numbers are ,Musk - 1 hits,Elon Mask - 0 hits,Total - 1 hits,Tesla - 0 hits,Gigafactory - 0 hits,
URl - https://en.wikipedia.org/wiki/Pretoria#cite_note-44,Numbers are ,Musk - 2 hits,Elon Mask - 0 hits,Total - 2 hits,Tesla - 0 hits,Gigafactory - 0 hits,
URl - https://en.wikipedia.org/wiki/Wikipedia:WikiProject_Protected_areas/Cleanup_listing,Numbers are ,Musk - 2 hits,Elon Mask - 0 hits,Total - 2 hits,Tesla - 0 hits,Gigafactory - 0 hits,
URl - https://en.wikipedia.org/wiki/Serbia,Numbers are ,Musk - 0 hits,Elon Mask - 0 hits,Total - 9 hits,Tesla - 9 hits,Gigafactory - 0 hits,
URl - https://en.wikipedia.org/wiki/Pretoria#cite_note-41,Numbers are ,Musk - 2 hits,Elon Mask - 0 hits,Total - 2 hits,Tesla - 0 hits,Gigafactory - 0 hits,
URl - https://en.wikipedia.org/wiki/Pretoria#cite_note-42,Numbers are ,Musk - 2 hits,Elon Mask - 0 hits,Total - 2 hits,Tesla - 0 hits,Gigafactory - 0 hits,
URl - https://en.wikipedia.org/wiki/Pretoria#The_Dequar_Road_Base,Numbers are ,Musk - 2 hits,Elon Mask - 0 hits,Total - 2 hits,Tesla - 0 hits,Gigafactory - 0 hits,
URl - https://en.wikipedia.org/wiki/Pretoria#cite_note-45,Numbers are ,Musk - 2 hits,Elon Mask - 0 hits,Total - 2 hits,Tesla - 0 hits,Gigafactory - 0 hits,
URl - https://en.wikipedia.org/wiki/Fellow_of_the_Royal_Society#cite_note-14,Numbers are ,Musk - 2 hits,Elon Mask - 0 hits,Total - 2 hits,Tesla - 0 hits,Gigafactory - 0 hits,
URl - https://en.wikipedia.org/wiki/Fellow_of_the_Royal_Society#cite_note-9,Numbers are ,Musk - 2 hits,Elon Mask - 0 hits,Total - 2 hits,Tesla - 0 hits,Gigafactory - 0 hits,
URl - https://en.wikipedia.org/wiki/Fellow_of_the_Royal_Society#cite_note-12,Numbers are ,Musk - 2 hits,Elon Mask - 0 hits,Total - 2 hits,Tesla - 0 hits,Gigafactory - 0 hits,
URl - https://en.wikipedia.org/wiki/Fellow_of_the_Royal_Society#cite_note-13,Numbers are ,Musk - 2 hits,Elon Mask - 0 hits,Total - 2 hits,Tesla - 0 hits,Gigafactory - 0 hits,
URl - https://en.wikipedia.org/wiki/J._J._Thomson,Numbers are ,Musk - 0 hits,Elon Mask - 0 hits,Total - 2 hits,Tesla - 2 hits,Gigafactory - 0 hits,
URl - https://en.wikipedia.org/wiki/Fellow_of_the_Royal_Society#cite_note-6,Numbers are ,Musk - 2 hits,Elon Mask - 0 hits,Total - 2 hits,Tesla - 0 hits,Gigafactory - 0 hits,
URl - https://en.wikipedia.org/wiki/Fellow_of_the_Royal_Society#cite_note-admissions-43,Numbers are ,Musk - 2 hits,Elon Mask - 0 hits,Total - 2 hits,Tesla - 0 hits,Gigafactory - 0 hits,
URl - https://en.wikipedia.org/wiki/Fellow_of_the_Royal_Society#cite_note-5,Numbers are ,Musk - 2 hits,Elon Mask - 0 hits,Total - 2 hits,Tesla - 0 hits,Gigafactory - 0 hits,
URl - https://en.wikipedia.org/wiki/Fellow_of_the_Royal_Society#cite_note-4,Numbers are ,Musk - 2 hits,Elon Mask - 0 hits,Total - 2 hits,Tesla - 0 hits,Gigafactory - 0 hits,
URl - https://en.wikipedia.org/wiki/Telecommunications_in_the_United_Kingdom,Numbers are ,Musk - 0 hits,Elon Mask - 0 hits,Total - 1 hits,Tesla - 1 hits,Gigafactory - 0 hits,
URl - https://en.wikipedia.org/wiki/Serbian_Academy_of_Sciences_and_Arts,Numbers are ,Musk - 0 hits,Elon Mask - 0 hits,Total - 1 hits,Tesla - 1 hits,Gigafactory - 0 hits,
URl - https://en.wikipedia.org/wiki/Fellow_of_the_Royal_Society#cite_note-crickrsbm-10,Numbers are ,Musk - 2 hits,Elon Mask - 0 hits,Total - 2 hits,Tesla - 0 hits,Gigafactory - 0 hits,
URl - https://en.wikipedia.org/wiki/District_municipality,Numbers are ,Musk - 1 hits,Elon Mask - 0 hits,Total - 1 hits,Tesla - 0 hits,Gigafactory - 0 hits,
URl - https://en.wikipedia.org/wiki/Stanford_University,Numbers are ,Musk - 0 hits,Elon Mask - 0 hits,Total - 1 hits,Tesla - 1 hits,Gigafactory - 0 hits,
URl - https://en.wikipedia.org/wiki/Fellow_of_the_Royal_Society#cite_note-Obituary-11,Numbers are ,Musk - 2 hits,Elon Mask - 0 hits,Total - 2 hits,Tesla - 0 hits,Gigafactory - 0 hits,
URl - https://en.wikipedia.org/wiki/Fellow_of_the_Royal_Society#cite_ref-geimfrs_41-0,Numbers are ,Musk - 2 hits,Elon Mask - 0 hits,Total - 2 hits,Tesla - 0 hits,Gigafactory - 0 hits,
URl - https://en.wikipedia.org/wiki/Fellow_of_the_Royal_Society#Selection,Numbers are ,Musk - 2 hits,Elon Mask - 0 hits,Total - 2 hits,Tesla - 0 hits,Gigafactory - 0 hits,
URl - https://en.wikipedia.org/wiki/Pretoria#cite_note-auto-5,Numbers are ,Musk - 2 hits,Elon Mask - 0 hits,Total - 2 hits,Tesla - 0 hits,Gigafactory - 0 hits,
URl - https://commons.wikimedia.org/wiki/Main_Page,Numbers are ,Musk - 1 hits,Elon Mask - 0 hits,Total - 1 hits,Tesla - 0 hits,Gigafactory - 0 hits,
URl - https://en.wikipedia.org/wiki/Pretoria#cite_note-NOAA_Pret.-13,Numbers are ,Musk - 2 hits,Elon Mask - 0 hits,Total - 2 hits,Tesla - 0 hits,Gigafactory - 0 hits,
URl - https://en.wikipedia.org/wiki/Pretoria#cite_note-tor-49,Numbers are ,Musk - 2 hits,Elon Mask - 0 hits,Total - 2 hits,Tesla - 0 hits,Gigafactory - 0 hits,
URl - https://en.wikipedia.org/wiki/Vodacom,Numbers are ,Musk - 0 hits,Elon Mask - 0 hits,Total - 1 hits,Tesla - 1 hits,Gigafactory - 0 hits,
URl - https://en.wikipedia.org/wiki/Fellow_of_the_Royal_Society#cite_ref-frscharles_31-0,Numbers are ,Musk - 2 hits,Elon Mask - 0 hits,Total - 2 hits,Tesla - 0 hits,Gigafactory - 0 hits,
URl - https://en.wikipedia.org/wiki/Fellow_of_the_Royal_Society#cite_ref-icr_17-0,Numbers are ,Musk - 2 hits,Elon Mask - 0 hits,Total - 2 hits,Tesla - 0 hits,Gigafactory - 0 hits,
URl - https://en.wikipedia.org/wiki/OpenStreetMap,Numbers are ,Musk - 0 hits,Elon Mask - 0 hits,Total - 1 hits,Tesla - 1 hits,Gigafactory - 0 hits,
URl - https://en.wikipedia.org/wiki/District,Numbers are ,Musk - 1 hits,Elon Mask - 0 hits,Total - 1 hits,Tesla - 0 hits,Gigafactory - 0 hits,
URl - https://en.wikipedia.org/wiki/Fellow_of_the_Royal_Society#cite_note-47,Numbers are ,Musk - 2 hits,Elon Mask - 0 hits,Total - 2 hits,Tesla - 0 hits,Gigafactory - 0 hits,
URl - https://en.wikipedia.org/wiki/Pretoria#Secondary_education,Numbers are ,Musk - 2 hits,Elon Mask - 0 hits,Total - 2 hits,Tesla - 0 hits,Gigafactory - 0 hits,
URl - https://en.wikipedia.org/wiki/Elon_Musk#mw-head,Numbers are ,Musk - 654 hits,Elon Mask - 0 hits,Total - 879 hits,Tesla - 215 hits,Gigafactory - 10 hits,
URl - https://en.wikipedia.org/wiki/Pretoria#Military_colleges,Numbers are ,Musk - 2 hits,Elon Mask - 0 hits,Total - 2 hits,Tesla - 0 hits,Gigafactory - 0 hits,
URl - https://en.wikipedia.org/wiki/Fellow_of_the_Royal_Society#cite_note-44,Numbers are ,Musk - 2 hits,Elon Mask - 0 hits,Total - 2 hits,Tesla - 0 hits,Gigafactory - 0 hits,
URl - https://en.wikipedia.org/wiki/Fellow_of_the_Royal_Society#cite_ref-aberdeen_21-0,Numbers are ,Musk - 2 hits,Elon Mask - 0 hits,Total - 2 hits,Tesla - 0 hits,Gigafactory - 0 hits,
URl - https://en.wikipedia.org/wiki/File:Wiki_letter_w_cropped.svg,Numbers are ,Musk - 1 hits,Elon Mask - 0 hits,Total - 1 hits,Tesla - 0 hits,Gigafactory - 0 hits,
URl - https://en.wikipedia.org/wiki/Pretoria#cite_note-DWD-14,Numbers are ,Musk - 2 hits,Elon Mask - 0 hits,Total - 2 hits,Tesla - 0 hits,Gigafactory - 0 hits,
URl - https://en.wikipedia.org/wiki/Fellow_of_the_Royal_Society#cite_note-wikimediablog-45,Numbers are ,Musk - 2 hits,Elon Mask - 0 hits,Total - 2 hits,Tesla - 0 hits,Gigafactory - 0 hits,
URl - https://en.wikipedia.org/wiki/Fellow_of_the_Royal_Society#Research_Fellowships_and_other_awards,Numbers are ,Musk - 2 hits,Elon Mask - 0 hits,Total - 2 hits,Tesla - 0 hits,Gigafactory - 0 hits,
URl - https://en.wikipedia.org/wiki/Fellow_of_the_Royal_Society#cite_ref-sectional_42-0,Numbers are ,Musk - 2 hits,Elon Mask - 0 hits,Total - 2 hits,Tesla - 0 hits,Gigafactory - 0 hits,
URl - https://en.wikipedia.org/wiki/Fellow_of_the_Royal_Society#mw-head,Numbers are ,Musk - 2 hits,Elon Mask - 0 hits,Total - 2 hits,Tesla - 0 hits,Gigafactory - 0 hits,
URl - https://en.wikipedia.org/wiki/Pretoria#cite_note-og-47,Numbers are ,Musk - 2 hits,Elon Mask - 0 hits,Total - 2 hits,Tesla - 0 hits,Gigafactory - 0 hits,
URl - https://en.wikipedia.org/wiki/List_of_fellows_of_the_Royal_Society_elected_in_2018,Numbers are ,Musk - 1 hits,Elon Mask - 0 hits,Total - 1 hits,Tesla - 0 hits,Gigafactory - 0 hits,
URl - https://en.wikipedia.org/wiki/List_of_fellows_of_the_Royal_Society_M,_N,_O,Numbers are ,Musk - 1 hits,Elon Mask - 0 hits,Total - 1 hits,Tesla - 0 hits,Gigafactory - 0 hits,
URl - https://en.wikipedia.org/wiki/Pretoria#Culture,Numbers are ,Musk - 2 hits,Elon Mask - 0 hits,Total - 2 hits,Tesla - 0 hits,Gigafactory - 0 hits,
URl - https://en.wikipedia.org/wiki/Pretoria#cite_note-pre-46,Numbers are ,Musk - 2 hits,Elon Mask - 0 hits,Total - 2 hits,Tesla - 0 hits,Gigafactory - 0 hits,
URl - https://en.wikipedia.org/wiki/Pretoria#Climate,Numbers are ,Musk - 2 hits,Elon Mask - 0 hits,Total - 2 hits,Tesla - 0 hits,Gigafactory - 0 hits,
URl - https://en.wikipedia.org/wiki/Pretoria#Buses,Numbers are ,Musk - 2 hits,Elon Mask - 0 hits,Total - 2 hits,Tesla - 0 hits,Gigafactory - 0 hits,
URl - https://en.wikipedia.org/wiki/Pretoria#Ethnic_groups,Numbers are ,Musk - 2 hits,Elon Mask - 0 hits,Total - 2 hits,Tesla - 0 hits,Gigafactory - 0 hits,
URl - https://en.wikipedia.org/wiki/Pretoria#Buddhist_community,Numbers are ,Musk - 2 hits,Elon Mask - 0 hits,Total - 2 hits,Tesla - 0 hits,Gigafactory - 0 hits,
URl - https://en.wikipedia.org/wiki/Fort_McMurray,Numbers are ,Musk - 1 hits,Elon Mask - 0 hits,Total - 1 hits,Tesla - 0 hits,Gigafactory - 0 hits,
URl - https://ms.wikipedia.org/wiki/Fellow_of_the_Royal_Society,Numbers are ,Musk - 2 hits,Elon Mask - 0 hits,Total - 2 hits,Tesla - 0 hits,Gigafactory - 0 hits,
URl - https://en.wikipedia.org/wiki/Regional_municipality,Numbers are ,Musk - 1 hits,Elon Mask - 0 hits,Total - 1 hits,Tesla - 0 hits,Gigafactory - 0 hits,
URl - https://en.wikipedia.org/wiki/Pretoria#Television,Numbers are ,Musk - 2 hits,Elon Mask - 0 hits,Total - 2 hits,Tesla - 0 hits,Gigafactory - 0 hits,
URl - https://en.wikipedia.org/wiki/Wikipedia:WikiProject_Environment,Numbers are ,Musk - 0 hits,Elon Mask - 0 hits,Total - 5 hits,Tesla - 5 hits,Gigafactory - 0 hits,
URl - https://en.wikipedia.org/wiki/Wikipedia:Dashboard#Requested_edits,Numbers are ,Musk - 1 hits,Elon Mask - 0 hits,Total - 1 hits,Tesla - 0 hits,Gigafactory - 0 hits,
URl - https://en.wikipedia.org/wiki/Fellow_of_the_Royal_Society#cite_ref-industry_52-0,Numbers are ,Musk - 2 hits,Elon Mask - 0 hits,Total - 2 hits,Tesla - 0 hits,Gigafactory - 0 hits,
URl - https://en.wikipedia.org/wiki/Fellow_of_the_Royal_Society#cite_note-Keeler2011-25,Numbers are ,Musk - 2 hits,Elon Mask - 0 hits,Total - 2 hits,Tesla - 0 hits,Gigafactory - 0 hits,
URl - https://en.wikipedia.org/w/index.php?title=Fellow_of_the_Royal_Society&action=history,Numbers are ,Musk - 2 hits,Elon Mask - 0 hits,Total - 2 hits,Tesla - 0 hits,Gigafactory - 0 hits,
URl - https://en.wikipedia.org/wiki/University_of_California,_Berkeley,Numbers are ,Musk - 0 hits,Elon Mask - 0 hits,Total - 3 hits,Tesla - 3 hits,Gigafactory - 0 hits,
URl - https://en.wikipedia.org/wiki/Pretoria#Transito_Air_Force_Headquarters,Numbers are ,Musk - 2 hits,Elon Mask - 0 hits,Total - 2 hits,Tesla - 0 hits,Gigafactory - 0 hits,
URl - https://en.wikipedia.org/wiki/Pretoria#Primary_education,Numbers are ,Musk - 2 hits,Elon Mask - 0 hits,Total - 2 hits,Tesla - 0 hits,Gigafactory - 0 hits,
URl - https://en.wikipedia.org/wiki/Seether,Numbers are ,Musk - 1 hits,Elon Mask - 0 hits,Total - 1 hits,Tesla - 0 hits,Gigafactory - 0 hits,
URl - https://en.wikipedia.org/w/index.php?title=Kirk_Hammett&action=edit,Numbers are ,Musk - 0 hits,Elon Mask - 0 hits,Total - 1 hits,Tesla - 1 hits,Gigafactory - 0 hits,
URl - https://en.wikipedia.org/wiki/Fellow_of_the_Royal_Society#cite_ref-jardine_30-0,Numbers are ,Musk - 2 hits,Elon Mask - 0 hits,Total - 2 hits,Tesla - 0 hits,Gigafactory - 0 hits,
URl - https://en.wikipedia.org/wiki/Fellow_of_the_Royal_Society#Admission,Numbers are ,Musk - 2 hits,Elon Mask - 0 hits,Total - 2 hits,Tesla - 0 hits,Gigafactory - 0 hits,
URl - https://en.wikipedia.org/wiki/Pretoria#Jacaranda_city,Numbers are ,Musk - 2 hits,Elon Mask - 0 hits,Total - 2 hits,Tesla - 0 hits,Gigafactory - 0 hits,
URl - https://en.wikipedia.org/wiki/Pretoria#Military_headquarters,Numbers are ,Musk - 2 hits,Elon Mask - 0 hits,Total - 2 hits,Tesla - 0 hits,Gigafactory - 0 hits,
URl - https://en.wikipedia.org/wiki/Fellow_of_the_Royal_Society#cite_note-subra-7,Numbers are ,Musk - 2 hits,Elon Mask - 0 hits,Total - 2 hits,Tesla - 0 hits,Gigafactory - 0 hits,
URl - https://en.wikipedia.org/wiki/Pretoria#Pretoria_Creole,Numbers are ,Musk - 2 hits,Elon Mask - 0 hits,Total - 2 hits,Tesla - 0 hits,Gigafactory - 0 hits,
URl - https://en.wikipedia.org/wiki/Fellow_of_the_Royal_Society#cite_ref-crickrsbm_10-0,Numbers are ,Musk - 2 hits,Elon Mask - 0 hits,Total - 2 hits,Tesla - 0 hits,Gigafactory - 0 hits,
URl - https://en.wikipedia.org/wiki/Glossary_of_electrical_and_electronics_engineering,Numbers are ,Musk - 0 hits,Elon Mask - 0 hits,Total - 3 hits,Tesla - 3 hits,Gigafactory - 0 hits,
URl - https://en.wikipedia.org/wiki/Fellow_of_the_Royal_Society#cite_note-elections-1,Numbers are ,Musk - 2 hits,Elon Mask - 0 hits,Total - 2 hits,Tesla - 0 hits,Gigafactory - 0 hits,
URl - https://en.wikipedia.org/wiki/Fellow_of_the_Royal_Society#cite_note-frsanne-32,Numbers are ,Musk - 2 hits,Elon Mask - 0 hits,Total - 2 hits,Tesla - 0 hits,Gigafactory - 0 hits,
URl - https://en.wikipedia.org/wiki/Martin_Rees,_Baron_Rees_of_Ludlow,Numbers are ,Musk - 1 hits,Elon Mask - 0 hits,Total - 1 hits,Tesla - 0 hits,Gigafactory - 0 hits,
URl - https://en.wikipedia.org/wiki/SS_Cotati,Numbers are ,Musk - 1 hits,Elon Mask - 0 hits,Total - 1 hits,Tesla - 0 hits,Gigafactory - 0 hits,
URl - https://en.wikipedia.org/wiki/Pretoria#cite_note-boh-48,Numbers are ,Musk - 2 hits,Elon Mask - 0 hits,Total - 2 hits,Tesla - 0 hits,Gigafactory - 0 hits,
URl - https://en.wikipedia.org/wiki/Fellow_of_the_Royal_Society#Honorary_Fellow,Numbers are ,Musk - 2 hits,Elon Mask - 0 hits,Total - 2 hits,Tesla - 0 hits,Gigafactory - 0 hits,
URl - https://en.wikipedia.org/wiki/Fellow_of_the_Royal_Society#cite_ref-Obituary_11-0,Numbers are ,Musk - 2 hits,Elon Mask - 0 hits,Total - 2 hits,Tesla - 0 hits,Gigafactory - 0 hits,
URl - https://en.wikipedia.org/wiki/Fellow_of_the_Royal_Society#cite_ref-frsanne_32-0,Numbers are ,Musk - 2 hits,Elon Mask - 0 hits,Total - 2 hits,Tesla - 0 hits,Gigafactory - 0 hits,
URl - https://en.wikipedia.org/wiki/Fellow_of_the_Royal_Society#cite_ref-cam_22-0,Numbers are ,Musk - 2 hits,Elon Mask - 0 hits,Total - 2 hits,Tesla - 0 hits,Gigafactory - 0 hits,
URl - https://en.wikipedia.org/wiki/Greenland,Numbers are ,Musk - 2 hits,Elon Mask - 0 hits,Total - 2 hits,Tesla - 0 hits,Gigafactory - 0 hits,
URl - https://en.wikipedia.org/wiki/Alaska,Numbers are ,Musk - 3 hits,Elon Mask - 0 hits,Total - 3 hits,Tesla - 0 hits,Gigafactory - 0 hits,
URl - https://en.wikipedia.org/wiki/Fellow_of_the_Royal_Society#cite_ref-urfs_49-0,Numbers are ,Musk - 2 hits,Elon Mask - 0 hits,Total - 2 hits,Tesla - 0 hits,Gigafactory - 0 hits,
URl - https://en.wikipedia.org/wiki/Pretoria#Parks_and_gardens,Numbers are ,Musk - 2 hits,Elon Mask - 0 hits,Total - 2 hits,Tesla - 0 hits,Gigafactory - 0 hits,
URl - https://en.wikipedia.org/wiki/Costco_Wholesale,Numbers are ,Musk - 0 hits,Elon Mask - 0 hits,Total - 1 hits,Tesla - 1 hits,Gigafactory - 0 hits,
URl - https://en.wikipedia.org/wiki/International_Union_of_Soil_Sciences,Numbers are ,Musk - 1 hits,Elon Mask - 0 hits,Total - 1 hits,Tesla - 0 hits,Gigafactory - 0 hits,
URl - https://en.wikipedia.org/wiki/Pretoria#Tshwane_University_of_Technology,Numbers are ,Musk - 2 hits,Elon Mask - 0 hits,Total - 2 hits,Tesla - 0 hits,Gigafactory - 0 hits,
URl - https://en.wikipedia.org/wiki/Fellow_of_the_Royal_Society#cite_note-hawkingfrs-24,Numbers are ,Musk - 2 hits,Elon Mask - 0 hits,Total - 2 hits,Tesla - 0 hits,Gigafactory - 0 hits,
URl - https://en.wikipedia.org/wiki/Korean_language,Numbers are ,Musk - 1 hits,Elon Mask - 0 hits,Total - 1 hits,Tesla - 0 hits,Gigafactory - 0 hits,
URl - https://en.wikipedia.org/wiki/Wikipedia:List_of_controversial_issues,Numbers are ,Musk - 0 hits,Elon Mask - 0 hits,Total - 2 hits,Tesla - 2 hits,Gigafactory - 0 hits,
URl - https://en.wikipedia.org/wiki/Fellow_of_the_Royal_Society#cite_note-GulyasSomogyi2012-26,Numbers are ,Musk - 2 hits,Elon Mask - 0 hits,Total - 2 hits,Tesla - 0 hits,Gigafactory - 0 hits,
URl - https://en.wikipedia.org/wiki/Pretoria#CSIR,Numbers are ,Musk - 2 hits,Elon Mask - 0 hits,Total - 2 hits,Tesla - 0 hits,Gigafactory - 0 hits,
URl - https://en.wikipedia.org/wiki/Wikipedia:Wikipedia_Signpost,Numbers are ,Musk - 1 hits,Elon Mask - 0 hits,Total - 1 hits,Tesla - 0 hits,Gigafactory - 0 hits,
URl - https://en.wikipedia.org/wiki/Wikipedia:Village_pump_(proposals)/Archive_74#Link_to_Facebook,Numbers are ,Musk - 1 hits,Elon Mask - 0 hits,Total - 1 hits,Tesla - 0 hits,Gigafactory - 0 hits,
URl - https://en.wikipedia.org/wiki/Fellow_of_the_Royal_Society#References,Numbers are ,Musk - 2 hits,Elon Mask - 0 hits,Total - 2 hits,Tesla - 0 hits,Gigafactory - 0 hits,
URl - https://en.wikipedia.org/wiki/User:Altaileopard,Numbers are ,Musk - 6 hits,Elon Mask - 0 hits,Total - 6 hits,Tesla - 0 hits,Gigafactory - 0 hits,
URl - https://en.wikipedia.org/wiki/Wikipedia:Dashboard,Numbers are ,Musk - 1 hits,Elon Mask - 0 hits,Total - 1 hits,Tesla - 0 hits,Gigafactory - 0 hits,
URl - https://en.wikipedia.org/wiki/Fellow_of_the_Royal_Society#cite_ref-window_15-0,Numbers are ,Musk - 2 hits,Elon Mask - 0 hits,Total - 2 hits,Tesla - 0 hits,Gigafactory - 0 hits,
URl - https://en.wikipedia.org/wiki/Fellow_of_the_Royal_Society,Numbers are ,Musk - 2 hits,Elon Mask - 0 hits,Total - 2 hits,Tesla - 0 hits,Gigafactory - 0 hits,
URl - https://en.wikipedia.org/wiki/Fellow_of_the_Royal_Society#cite_ref-window_15-1,Numbers are ,Musk - 2 hits,Elon Mask - 0 hits,Total - 2 hits,Tesla - 0 hits,Gigafactory - 0 hits,
URl - https://en.wikipedia.org/wiki/Stephen_Hawking,Numbers are ,Musk - 1 hits,Elon Mask - 0 hits,Total - 1 hits,Tesla - 0 hits,Gigafactory - 0 hits,
URl - https://royalsociety.org/people/elon-musk-13829/,Numbers are ,Musk - 3 hits,Elon Mask - 0 hits,Total - 8 hits,Tesla - 5 hits,Gigafactory - 0 hits,
URl - https://en.wikipedia.org/wiki/Fellow_of_the_Royal_Society#cite_ref-oscar_16-0,Numbers are ,Musk - 2 hits,Elon Mask - 0 hits,Total - 2 hits,Tesla - 0 hits,Gigafactory - 0 hits,
URl - https://en.wikipedia.org/wiki/Ford_Motor_Company,Numbers are ,Musk - 1 hits,Elon Mask - 0 hits,Total - 8 hits,Tesla - 7 hits,Gigafactory - 0 hits,
URl - https://en.wikipedia.org/wiki/Pretoria#cite_note-brookingsgdp-3,Numbers are ,Musk - 2 hits,Elon Mask - 0 hits,Total - 2 hits,Tesla - 0 hits,Gigafactory - 0 hits,
URl - https://en.wikipedia.org/wiki/Fellow_of_the_Royal_Society#cite_note-jardine-30,Numbers are ,Musk - 2 hits,Elon Mask - 0 hits,Total - 2 hits,Tesla - 0 hits,Gigafactory - 0 hits,
URl - https://en.wikipedia.org/wiki/Pretoria#Union_of_South_Africa,Numbers are ,Musk - 2 hits,Elon Mask - 0 hits,Total - 2 hits,Tesla - 0 hits,Gigafactory - 0 hits,
URl - https://en.wikipedia.org/wiki/Pretoria#Radio,Numbers are ,Musk - 2 hits,Elon Mask - 0 hits,Total - 2 hits,Tesla - 0 hits,Gigafactory - 0 hits,
URl - https://en.wikipedia.org/wiki/Wildebeest,Numbers are ,Musk - 8 hits,Elon Mask - 0 hits,Total - 8 hits,Tesla - 0 hits,Gigafactory - 0 hits,
URl - https://en.wikipedia.org/wiki/Combined_statistical_area,Numbers are ,Musk - 4 hits,Elon Mask - 0 hits,Total - 4 hits,Tesla - 0 hits,Gigafactory - 0 hits,
URl - https://en.wikipedia.org/wiki/Pretoria#cite_note-9,Numbers are ,Musk - 2 hits,Elon Mask - 0 hits,Total - 2 hits,Tesla - 0 hits,Gigafactory - 0 hits,
URl - https://en.wikipedia.org/wiki/Fellow_of_the_Royal_Society#cite_note-crickinstitute-18,Numbers are ,Musk - 2 hits,Elon Mask - 0 hits,Total - 2 hits,Tesla - 0 hits,Gigafactory - 0 hits,
URl - https://en.wikipedia.org/wiki/Pretoria#cite_note-8,Numbers are ,Musk - 2 hits,Elon Mask - 0 hits,Total - 2 hits,Tesla - 0 hits,Gigafactory - 0 hits,
URl - https://en.wikipedia.org/wiki/Wikipedia:Vital_articles,Numbers are ,Musk - 0 hits,Elon Mask - 0 hits,Total - 1 hits,Tesla - 1 hits,Gigafactory - 0 hits,
URl - https://en.wikipedia.org/wiki/Pretoria#cite_note-7,Numbers are ,Musk - 2 hits,Elon Mask - 0 hits,Total - 2 hits,Tesla - 0 hits,Gigafactory - 0 hits,
URl - https://en.wikipedia.org/wiki/Pretoria#cite_note-6,Numbers are ,Musk - 2 hits,Elon Mask - 0 hits,Total - 2 hits,Tesla - 0 hits,Gigafactory - 0 hits,
URl - https://en.wikipedia.org/wiki/Pretoria#cite_note-4,Numbers are ,Musk - 2 hits,Elon Mask - 0 hits,Total - 2 hits,Tesla - 0 hits,Gigafactory - 0 hits,
URl - https://en.wikipedia.org/wiki/Fellow_of_the_Royal_Society#cite_ref-amazin_46-0,Numbers are ,Musk - 2 hits,Elon Mask - 0 hits,Total - 2 hits,Tesla - 0 hits,Gigafactory - 0 hits,
URl - https://en.wikipedia.org/wiki/Category:People_from_Pretoria,Numbers are ,Musk - 3 hits,Elon Mask - 0 hits,Total - 3 hits,Tesla - 0 hits,Gigafactory - 0 hits,
URl - https://en.wikipedia.org/wiki/Sir_Isaac_Newton,Numbers are ,Musk - 0 hits,Elon Mask - 0 hits,Total - 2 hits,Tesla - 2 hits,Gigafactory - 0 hits,
URl - https://en.wikipedia.org/wiki/William_Thomson,_1st_Baron_Kelvin,Numbers are ,Musk - 0 hits,Elon Mask - 0 hits,Total - 2 hits,Tesla - 2 hits,Gigafactory - 0 hits,
URl - https://en.wikipedia.org/wiki/Fellow_of_the_Royal_Society#cite_note-window-15,Numbers are ,Musk - 2 hits,Elon Mask - 0 hits,Total - 2 hits,Tesla - 0 hits,Gigafactory - 0 hits,
URl - https://en.wikipedia.org/wiki/Fellow_of_the_Royal_Society#Foreign_Member,Numbers are ,Musk - 2 hits,Elon Mask - 0 hits,Total - 2 hits,Tesla - 0 hits,Gigafactory - 0 hits,
URl - https://en.wikipedia.org/wiki/Queen%27s_University_at_Kingston,Numbers are ,Musk - 5 hits,Elon Mask - 0 hits,Total - 7 hits,Tesla - 2 hits,Gigafactory - 0 hits,
URl - https://en.wikipedia.org/wiki/Fellow_of_the_Royal_Society#cite_note-urfs-49,Numbers are ,Musk - 2 hits,Elon Mask - 0 hits,Total - 2 hits,Tesla - 0 hits,Gigafactory - 0 hits,
URl - https://en.wikipedia.org/w/index.php?title=Pretoria&action=edit,Numbers are ,Musk - 2 hits,Elon Mask - 0 hits,Total - 2 hits,Tesla - 0 hits,Gigafactory - 0 hits,
URl - https://en.wikipedia.org/wiki/Fellow_of_the_Royal_Society#cite_ref-admissions_43-0,Numbers are ,Musk - 2 hits,Elon Mask - 0 hits,Total - 2 hits,Tesla - 0 hits,Gigafactory - 0 hits,
URl - https://en.wikipedia.org/wiki/Hamilton,_New_Zealand,Numbers are ,Musk - 3 hits,Elon Mask - 0 hits,Total - 3 hits,Tesla - 0 hits,Gigafactory - 0 hits,
URl - https://en.wikipedia.org/wiki/Fellow_of_the_Royal_Society#cite_ref-Keeler2011_25-0,Numbers are ,Musk - 2 hits,Elon Mask - 0 hits,Total - 2 hits,Tesla - 0 hits,Gigafactory - 0 hits,
URl - https://en.wikipedia.org/wiki/Pretoria#University_of_South_Africa,Numbers are ,Musk - 2 hits,Elon Mask - 0 hits,Total - 2 hits,Tesla - 0 hits,Gigafactory - 0 hits,
URl - https://en.wikipedia.org/wiki/Pretoria#The_Dequar_Road_Complex,Numbers are ,Musk - 2 hits,Elon Mask - 0 hits,Total - 2 hits,Tesla - 0 hits,Gigafactory - 0 hits,
URl - https://en.wikipedia.org/wiki/Pretoria#Architecture,Numbers are ,Musk - 2 hits,Elon Mask - 0 hits,Total - 2 hits,Tesla - 0 hits,Gigafactory - 0 hits,
URl - https://en.wikipedia.org/wiki/Fellow_of_the_Royal_Society#Former_Statute_12_fellowships,Numbers are ,Musk - 2 hits,Elon Mask - 0 hits,Total - 2 hits,Tesla - 0 hits,Gigafactory - 0 hits,
URl - https://en.wikipedia.org/wiki/Wikipedia:List_of_hoaxes_on_Wikipedia,Numbers are ,Musk - 2 hits,Elon Mask - 0 hits,Total - 2 hits,Tesla - 0 hits,Gigafactory - 0 hits,
URl - https://en.wikipedia.org/wiki/Pretoria#University_of_Pretoria,Numbers are ,Musk - 2 hits,Elon Mask - 0 hits,Total - 2 hits,Tesla - 0 hits,Gigafactory - 0 hits,
URl - https://en.wikipedia.org/wiki/User:Qyd,Numbers are ,Musk - 2 hits,Elon Mask - 0 hits,Total - 2 hits,Tesla - 0 hits,Gigafactory - 0 hits,
URl - https://en.wikipedia.org/wiki/Fellow_of_the_Royal_Society#cite_note-cronysim-39,Numbers are ,Musk - 2 hits,Elon Mask - 0 hits,Total - 2 hits,Tesla - 0 hits,Gigafactory - 0 hits,
URl - https://en.wikipedia.org/wiki/Pretoria#History,Numbers are ,Musk - 2 hits,Elon Mask - 0 hits,Total - 2 hits,Tesla - 0 hits,Gigafactory - 0 hits,
URl - https://en.wikipedia.org/wiki/List_of_companies_named_after_people,Numbers are ,Musk - 0 hits,Elon Mask - 0 hits,Total - 2 hits,Tesla - 2 hits,Gigafactory - 0 hits,
URl - https://en.wikipedia.org/wiki/John_Strutt,_3rd_Baron_Rayleigh,Numbers are ,Musk - 0 hits,Elon Mask - 0 hits,Total - 2 hits,Tesla - 2 hits,Gigafactory - 0 hits,
URl - https://en.wikipedia.org/wiki/Fellow_of_the_Royal_Society#cite_ref-13,Numbers are ,Musk - 2 hits,Elon Mask - 0 hits,Total - 2 hits,Tesla - 0 hits,Gigafactory - 0 hits,
URl - https://en.wikipedia.org/wiki/Fellow_of_the_Royal_Society#cite_ref-14,Numbers are ,Musk - 2 hits,Elon Mask - 0 hits,Total - 2 hits,Tesla - 0 hits,Gigafactory - 0 hits,
URl - https://en.wikipedia.org/wiki/Special:PermanentLink/884689437#Proposal:_Extended-confirmed_protection_for_India-Pakistan_conflict,Numbers are ,Musk - 0 hits,Elon Mask - 0 hits,Total - 2 hits,Tesla - 2 hits,Gigafactory - 0 hits,
URl - https://cs.wikipedia.org/wiki/Kr%C3%A1lovsk%C3%A1_spole%C4%8Dnost,Numbers are ,Musk - 1 hits,Elon Mask - 0 hits,Total - 1 hits,Tesla - 0 hits,Gigafactory - 0 hits,
URl - https://en.wikipedia.org/wiki/Fellow_of_the_Royal_Society#Nomination,Numbers are ,Musk - 2 hits,Elon Mask - 0 hits,Total - 2 hits,Tesla - 0 hits,Gigafactory - 0 hits,
URl - https://en.wikipedia.org/wiki/Fellow_of_the_Royal_Society#cite_ref-12,Numbers are ,Musk - 2 hits,Elon Mask - 0 hits,Total - 2 hits,Tesla - 0 hits,Gigafactory - 0 hits,
URl - https://en.wikipedia.org/wiki/Fellow_of_the_Royal_Society#cite_note-frsandrew-35,Numbers are ,Musk - 2 hits,Elon Mask - 0 hits,Total - 2 hits,Tesla - 0 hits,Gigafactory - 0 hits,
URl - https://en.wikipedia.org/wiki/Pretoria#Performing_arts_and_galleries,Numbers are ,Musk - 2 hits,Elon Mask - 0 hits,Total - 2 hits,Tesla - 0 hits,Gigafactory - 0 hits,
URl - https://en.wikipedia.org/wiki/Sentech,Numbers are ,Musk - 0 hits,Elon Mask - 0 hits,Total - 1 hits,Tesla - 1 hits,Gigafactory - 0 hits,
URl - https://en.wikipedia.org/wiki/Pretoria#International_relations,Numbers are ,Musk - 2 hits,Elon Mask - 0 hits,Total - 2 hits,Tesla - 0 hits,Gigafactory - 0 hits,
URl - https://en.wikipedia.org/wiki/User:Skookum1,Numbers are ,Musk - 0 hits,Elon Mask - 0 hits,Total - 1 hits,Tesla - 1 hits,Gigafactory - 0 hits,
URl - https://en.wikipedia.org/wiki/Fellow_of_the_Royal_Society#cite_note-frsphillip-36,Numbers are ,Musk - 2 hits,Elon Mask - 0 hits,Total - 2 hits,Tesla - 0 hits,Gigafactory - 0 hits,
URl - https://en.wikipedia.org/wiki/Fellow_of_the_Royal_Society#cite_ref-cronysim_39-0,Numbers are ,Musk - 2 hits,Elon Mask - 0 hits,Total - 2 hits,Tesla - 0 hits,Gigafactory - 0 hits,
URl - https://en.wikipedia.org/wiki/Fellow_of_the_Royal_Society#cite_ref-leverhulme_50-0,Numbers are ,Musk - 2 hits,Elon Mask - 0 hits,Total - 2 hits,Tesla - 0 hits,Gigafactory - 0 hits,
URl - https://en.wikipedia.org/wiki/Special:RecentChangesLinked/Fellow_of_the_Royal_Society,Numbers are ,Musk - 14 hits,Elon Mask - 0 hits,Total - 14 hits,Tesla - 0 hits,Gigafactory - 0 hits,
URl - https://en.wikipedia.org/wiki/Pretoria#Air_force_bases,Numbers are ,Musk - 2 hits,Elon Mask - 0 hits,Total - 2 hits,Tesla - 0 hits,Gigafactory - 0 hits,
URl - https://en.wikipedia.org/wiki/Fellow_of_the_Royal_Society#cite_ref-manchester_19-0,Numbers are ,Musk - 2 hits,Elon Mask - 0 hits,Total - 2 hits,Tesla - 0 hits,Gigafactory - 0 hits,
URl - https://en.wikipedia.org/wiki/George_IV_of_the_United_Kingdom,Numbers are ,Musk - 1 hits,Elon Mask - 0 hits,Total - 1 hits,Tesla - 0 hits,Gigafactory - 0 hits,
URl - https://en.wikipedia.org/wiki/Fellow_of_the_Royal_Society#Royal_Fellow,Numbers are ,Musk - 2 hits,Elon Mask - 0 hits,Total - 2 hits,Tesla - 0 hits,Gigafactory - 0 hits,
URl - https://en.wikipedia.org/wiki/Pretoria#searchInput,Numbers are ,Musk - 2 hits,Elon Mask - 0 hits,Total - 2 hits,Tesla - 0 hits,Gigafactory - 0 hits,
URl - https://en.wikipedia.org/wiki/Fellow_of_the_Royal_Society#cite_ref-27,Numbers are ,Musk - 2 hits,Elon Mask - 0 hits,Total - 2 hits,Tesla - 0 hits,Gigafactory - 0 hits,
URl - https://en.wikipedia.org/wiki/Fellow_of_the_Royal_Society#cite_ref-subra_7-0,Numbers are ,Musk - 2 hits,Elon Mask - 0 hits,Total - 2 hits,Tesla - 0 hits,Gigafactory - 0 hits,
URl - https://en.wikipedia.org/w/index.php?title=Fellow_of_the_Royal_Society&action=edit,Numbers are ,Musk - 3 hits,Elon Mask - 0 hits,Total - 3 hits,Tesla - 0 hits,Gigafactory - 0 hits,
URl - https://en.wikipedia.org/wiki/Fellow_of_the_Royal_Society#cite_ref-23,Numbers are ,Musk - 2 hits,Elon Mask - 0 hits,Total - 2 hits,Tesla - 0 hits,Gigafactory - 0 hits,
URl - https://en.wikipedia.org/wiki/User:Ghirlandajo,Numbers are ,Musk - 1 hits,Elon Mask - 0 hits,Total - 1 hits,Tesla - 0 hits,Gigafactory - 0 hits,
URl - https://en.wikipedia.org/wiki/Fellow_of_the_Royal_Society#cite_note-imperial-20,Numbers are ,Musk - 2 hits,Elon Mask - 0 hits,Total - 2 hits,Tesla - 0 hits,Gigafactory - 0 hits,
URl - https://en.wikipedia.org/wiki/Wikipedia:XfD_today,Numbers are ,Musk - 0 hits,Elon Mask - 0 hits,Total - 1 hits,Tesla - 1 hits,Gigafactory - 0 hits,
URl - https://en.wikipedia.org/wiki/Kirk_Hammett,Numbers are ,Musk - 0 hits,Elon Mask - 0 hits,Total - 1 hits,Tesla - 1 hits,Gigafactory - 0 hits,
URl - https://en.wikipedia.org/wiki/Pretoria#Notable_people,Numbers are ,Musk - 2 hits,Elon Mask - 0 hits,Total - 2 hits,Tesla - 0 hits,Gigafactory - 0 hits,
URl - https://en.wikipedia.org/wiki/Pretoria#Geography,Numbers are ,Musk - 2 hits,Elon Mask - 0 hits,Total - 2 hits,Tesla - 0 hits,Gigafactory - 0 hits,
URl - https://en.wikipedia.org/wiki/Fellow_of_the_Royal_Society#cite_ref-crickinstitute_18-0,Numbers are ,Musk - 2 hits,Elon Mask - 0 hits,Total - 2 hits,Tesla - 0 hits,Gigafactory - 0 hits,
URl - https://en.wikipedia.org/wiki/Fellow_of_the_Royal_Society#cite_ref-imperial_20-0,Numbers are ,Musk - 2 hits,Elon Mask - 0 hits,Total - 2 hits,Tesla - 0 hits,Gigafactory - 0 hits,
URl - https://en.wikipedia.org/w/index.php?title=Fellow_of_the_Royal_Society&printable=yes,Numbers are ,Musk - 2 hits,Elon Mask - 0 hits,Total - 2 hits,Tesla - 0 hits,Gigafactory - 0 hits,
URl - https://id.wikipedia.org/wiki/Fellow_of_the_Royal_Society,Numbers are ,Musk - 2 hits,Elon Mask - 0 hits,Total - 2 hits,Tesla - 0 hits,Gigafactory - 0 hits,
URl - https://en.wikipedia.org/wiki/Fellow_of_the_Royal_Society#cite_ref-occamten_37-2,Numbers are ,Musk - 2 hits,Elon Mask - 0 hits,Total - 2 hits,Tesla - 0 hits,Gigafactory - 0 hits,
URl - https://en.wikipedia.org/wiki/Fellow_of_the_Royal_Society#cite_ref-occamten_37-1,Numbers are ,Musk - 2 hits,Elon Mask - 0 hits,Total - 2 hits,Tesla - 0 hits,Gigafactory - 0 hits,
URl - https://en.wikipedia.org/wiki/List_of_former_sovereign_states,Numbers are ,Musk - 1 hits,Elon Mask - 0 hits,Total - 1 hits,Tesla - 0 hits,Gigafactory - 0 hits,
URl - https://en.wikipedia.org/wiki/Ontario,Numbers are ,Musk - 2 hits,Elon Mask - 0 hits,Total - 2 hits,Tesla - 0 hits,Gigafactory - 0 hits,
URl - https://en.wikipedia.org/wiki/Fellow_of_the_Royal_Society#cite_ref-occamten_37-0,Numbers are ,Musk - 2 hits,Elon Mask - 0 hits,Total - 2 hits,Tesla - 0 hits,Gigafactory - 0 hits,
URl - https://en.wikipedia.org/wiki/Fellow_of_the_Royal_Society#cite_note-maddox-28,Numbers are ,Musk - 2 hits,Elon Mask - 0 hits,Total - 2 hits,Tesla - 0 hits,Gigafactory - 0 hits,
URl - https://en.wikipedia.org/wiki/Lightning_conductor,Numbers are ,Musk - 0 hits,Elon Mask - 0 hits,Total - 3 hits,Tesla - 3 hits,Gigafactory - 0 hits,
URl - https://es.wikipedia.org/wiki/Bandera_de_Pretoria,Numbers are ,Musk - 1 hits,Elon Mask - 0 hits,Total - 2 hits,Tesla - 1 hits,Gigafactory - 0 hits,
URl - https://en.wikipedia.org/wiki/Fellow_of_the_Royal_Society#cite_note-allfrs-2,Numbers are ,Musk - 2 hits,Elon Mask - 0 hits,Total - 2 hits,Tesla - 0 hits,Gigafactory - 0 hits,
URl - https://en.wikipedia.org/wiki/Impala,Numbers are ,Musk - 8 hits,Elon Mask - 0 hits,Total - 8 hits,Tesla - 0 hits,Gigafactory - 0 hits,
URl - https://en.wikipedia.org/wiki/Fellow_of_the_Royal_Society#Fellow,Numbers are ,Musk - 2 hits,Elon Mask - 0 hits,Total - 2 hits,Tesla - 0 hits,Gigafactory - 0 hits,
URl - https://en.wikipedia.org/wiki/Fellow_of_the_Royal_Society#cite_ref-GulyasSomogyi2012_26-0,Numbers are ,Musk - 2 hits,Elon Mask - 0 hits,Total - 2 hits,Tesla - 0 hits,Gigafactory - 0 hits,
URl - https://en.wikipedia.org/wiki/Pretoria#cite_note-HDI-2,Numbers are ,Musk - 2 hits,Elon Mask - 0 hits,Total - 2 hits,Tesla - 0 hits,Gigafactory - 0 hits,
URl - https://en.wikipedia.org/wiki/Fellow_of_the_Royal_Society#cite_note-alive-3,Numbers are ,Musk - 2 hits,Elon Mask - 0 hits,Total - 2 hits,Tesla - 0 hits,Gigafactory - 0 hits,
URl - https://en.wikipedia.org/wiki/Pretoria#cite_note-census2011-1,Numbers are ,Musk - 2 hits,Elon Mask - 0 hits,Total - 2 hits,Tesla - 0 hits,Gigafactory - 0 hits,
